100
54.8 39.36 29463
101.86 132.51 8182
102.82 -73.09 15751
1.66 115.48 14993
23.52 -157.98 18346
156.56 -57.01 10401
128.67 -171.68 16939
-66.7 3.49 17131
93.97 168.07 26685
46.47 -86.88 19416
-64.98 29.53 15086
93.03 -146.59 26831
31.6 117.73 16659
78.42 -90.03 19831
3.08 63.54 19300
143.09 109.93 11125
11.39 18.42 24718
17.3 -108.65 27402
-85.58 -157.67 19485
17.94 -1.22 15101
54.45 -40.24 24195
10.14 149.54 6293
11.76 -75.27 20843
74.36 -156.33 18684
-18.35 28.86 9863
174.58 160.82 19729
172.65 -126.27 15934
172.63 55.32 28163
56.84 93.18 18273
34.18 -114.47 5700
-89.73 126.08 5269
5.82 -69.7 15271
77.24 -109.5 20237
-49.2 -138.92 6680
-83.54 -158.39 20781
48.62 5.87 10359
150.18 -57.76 12501
60.08 42.81 5576
134.5 149.42 8751
-17.15 -122.33 17933
168.93 -174.47 11816
-80.04 -163.16 12617
-48.13 62.59 8993
33.42 -109.92 8578
141.9 -126.92 18042
-1.87 21.98 26543
-61.9 64.2 5918
13.61 -136.97 29670
72.71 -122.63 8557
136.97 -31.66 26313
-39.1 -15.54 22411
-68.67 -165.68 18259
-40.91 -163.8 13108
100.88 -74.42 10849
112.77 -6.72 12464
115.47 131.53 7415
51.49 -171.1 20100
-38.94 102.83 20208
-50.03 39.06 7356
119.28 177.31 12230
134.83 -79.74 27770
102.01 -167.93 11930
28.73 -67.91 8398
42.82 -169.54 24752
84.63 173.14 15427
-63.6 -110.24 9826
-62.09 -113.4 8726
-11.18 161.01 29566
67.93 1.86 20190
96.97 28.86 16661
83.6 98.33 8078
32.68 -165.38 18729
-67.35 26.93 7658
92.57 -35.79 13094
73.51 67.63 16702
29.72 12.94 11621
-48.42 9.54 18462
15.61 -123.48 6189
116.67 -5.91 7719
93.17 7.47 5596
98.22 152.93 10159
137.68 -118.18 24827
-29.89 -61.31 24346
-49.47 51.6 27066
170.7 168.43 5516
102.63 168.11 16085
159.35 -54.37 15651
165.74 -179.97 6357
108.0 176.93 19568
179.85 156.47 21974
115.13 -148.44 15872
53.97 19.13 22730
-40.86 -4.34 28624
31.19 112.23 11192
-69.27 -48.33 6301
5.73 53.89 17284
77.03 -135.95 5151
107.37 -67.51 11415
32.34 34.8 21167
177.97 23.08 23502
