42.4096 -7.9281 30000
0
37.1363 -6.4435 30000
1000
0 36.6144 -9.0848 30000 12.21
0 40.2897 -5.5051 30000 11.36
0 41.8291 -1.3821 30000 6.43
0 39.8581 -4.5543 30000 7.37
0 42.2352 3.0492 30000 12.25
0 40.3465 0.9225 30000 6.32
0 41.9238 -1.9254 30000 13.55
0 36.3614 -3.0959 30000 12.21
0 39.8611 -6.3186 30000 12.17
0 40.7879 -7.743 30000 9.25
0 37.4012 -0.6754 30000 7.07
0 36.061 0.9068 30000 10.54
0 38.0319 -3.177 30000 14.95
0 41.6058 -8.1711 30000 5.72
0 36.0109 1.413 30000 8.75
0 38.3675 1.6469 30000 9.48
0 39.8393 -2.0901 30000 8.51
0 38.4441 -0.7027 30000 10.3
0 38.0572 2.8755 30000 9.53
0 39.075 2.6682 30000 8.82
0 36.5974 -3.9416 30000 12.39
0 37.2019 -8.2611 30000 9.27
0 39.695 -3.8443 30000 9.83
0 39.3176 2.889 30000 11.46
0 37.3692 -0.4845 30000 11.52
0 40.0422 -1.8223 30000 10.56
0 38.6462 -4.7076 30000 10.95
0 37.1219 2.6638 30000 7.04
0 41.8255 -4.3969 30000 12.74
0 39.7034 -5.461 30000 5.74
0 37.518 -8.64 30000 8.95
0 40.3969 -6.8988 30000 6.48
0 41.8181 -3.5451 30000 9.77
0 39.1966 -8.6564 30000 10.71
0 38.1755 -4.1295 30000 10.31
0 36.3902 2.0556 30000 13.77
0 40.7321 -0.016 30000 5.12
0 41.6767 2.3302 30000 11.02
0 39.7806 1.7767 30000 12.38
0 37.831 -5.9211 30000 13.92
0 40.295 2.8676 30000 7.97
0 39.2568 2.8958 30000 12.63
0 40.6711 -2.9519 30000 6.53
0 41.0264 -7.1146 30000 11.81
0 41.8771 0.7158 30000 5.67
0 36.1171 2.2435 30000 11.37
0 42.1995 1.6289 30000 5.09
0 41.8417 -3.9172 30000 8.45
0 39.3822 -4.0605 30000 12.06
0 36.0919 0.7528 30000 13.37
0 42.3869 -5.6714 30000 8.52
0 40.5872 -0.8745 30000 11.11
0 38.2298 2.5387 30000 9.3
0 39.3023 -1.3998 30000 13.88
0 39.9981 3.1374 30000 8.09
0 41.4809 -3.0097 30000 7.27
0 41.6559 -8.072 30000 14.07
0 42.6604 0.5687 30000 13.66
0 36.6285 -0.2254 30000 14.0
0 39.4563 -5.9222 30000 12.63
0 39.025 -7.9894 30000 12.59
0 37.4928 -5.3375 30000 13.26
0 41.4325 -3.4558 30000 5.13
0 40.804 -3.2252 30000 9.12
0 36.9328 0.7417 30000 10.46
0 36.4954 1.2745 30000 14.22
0 37.0581 1.3454 30000 12.42
0 40.7266 -8.0036 30000 12.57
0 41.2275 -5.0496 30000 5.3
0 37.9551 2.3264 30000 11.77
0 41.3777 -7.1923 30000 9.64
0 37.7287 -6.9138 30000 5.5
0 39.2354 -6.8682 30000 10.61
0 37.5476 -5.7544 30000 14.2
0 36.2483 -6.2682 30000 13.46
0 41.8749 1.8156 30000 7.13
0 37.3957 -5.0408 30000 7.66
0 37.9742 -5.5871 30000 14.72
0 40.0623 -1.0263 30000 12.51
0 42.6461 -4.4517 30000 14.13
0 41.455 -6.8084 30000 13.74
0 39.2045 -7.8421 30000 8.7
0 41.9657 -1.6945 30000 12.25
0 42.9079 -1.0547 30000 14.7
0 40.6572 -4.8866 30000 8.18
0 40.9939 -7.937 30000 11.84
0 39.0935 -0.7559 30000 6.37
0 36.5511 -3.4438 30000 5.12
0 40.5739 -3.104 30000 13.83
0 38.2682 -0.3192 30000 14.76
0 41.1138 -4.7113 30000 13.06
0 38.6513 -4.2762 30000 10.58
0 38.2081 0.0478 30000 11.21
0 38.5254 -6.7178 30000 10.5
0 42.0914 -3.2307 30000 11.63
0 41.6886 -3.2815 30000 14.89
0 37.8401 -6.5541 30000 10.54
0 40.8432 -4.2312 30000 5.69
0 39.3709 -0.4458 30000 11.06
0 41.5892 0.746 30000 11.28
0 38.0279 -8.5969 30000 8.71
0 39.5302 -9.0239 30000 6.15
0 42.2055 -1.5277 30000 11.4
0 37.7219 -1.0735 30000 11.22
0 40.931 2.0851 30000 8.27
0 42.0241 1.2374 30000 11.94
0 40.3983 -6.077 30000 13.38
0 36.7614 2.839 30000 12.79
0 40.7911 -0.7316 30000 12.5
0 36.8254 -1.3066 30000 6.01
0 40.8683 -8.069 30000 12.92
0 42.2658 -1.3861 30000 7.7
0 38.5785 -2.9419 30000 7.2
0 37.5985 0.0802 30000 11.06
0 37.4499 -5.1565 30000 11.11
0 41.9006 -8.2417 30000 11.5
0 37.2007 -1.4988 30000 9.35
0 41.609 -6.0742 30000 13.41
0 39.292 -2.1821 30000 9.14
0 41.5658 -7.8183 30000 5.97
0 38.4855 -8.2463 30000 6.7
0 41.2505 -1.7533 30000 11.84
0 39.3512 -1.5179 30000 11.86
0 37.6153 -6.6658 30000 5.59
0 36.9561 -3.874 30000 11.43
0 37.0058 -6.653 30000 10.34
0 40.2743 -1.3806 30000 5.1
0 42.1896 -2.5455 30000 5.02
0 40.3519 -3.7869 30000 14.67
0 41.0001 -2.2484 30000 6.44
0 36.3707 -8.5992 30000 6.01
0 36.1942 -2.4805 30000 5.38
0 37.0894 1.9239 30000 14.34
0 37.3529 0.8762 30000 14.74
0 37.0301 1.1685 30000 5.07
0 41.4352 -0.6967 30000 7.91
0 40.1504 -0.8662 30000 10.57
0 40.0278 -5.859 30000 10.17
0 38.3262 -4.7422 30000 5.64
0 39.8381 -1.9886 30000 5.79
0 41.9238 -6.4393 30000 14.84
0 39.2866 -6.5087 30000 13.31
0 40.1296 1.7206 30000 10.8
0 38.7814 -2.1583 30000 12.74
0 36.8396 -5.6258 30000 11.11
0 40.7772 -5.4473 30000 10.36
0 42.2848 -1.1903 30000 7.45
0 41.2756 -8.4486 30000 5.88
0 42.4922 -0.0836 30000 13.64
0 38.4533 -3.8439 30000 12.6
0 42.6749 -6.0209 30000 9.74
0 41.3563 1.2433 30000 7.19
0 41.1276 -7.5136 30000 13.67
0 39.5039 2.9371 30000 8.44
0 41.0812 -5.4426 30000 6.34
0 42.2281 2.0789 30000 14.88
0 40.7305 -5.8989 30000 6.55
0 42.5247 -7.0889 30000 9.48
0 38.3721 2.5377 30000 5.37
0 39.4555 -2.9776 30000 13.23
0 39.2753 -6.9754 30000 13.02
0 37.0129 3.0886 30000 9.68
0 41.7449 -0.3979 30000 5.51
0 40.4558 -9.0493 30000 9.54
0 38.6676 -6.7804 30000 11.86
0 40.3654 -6.4924 30000 14.8
0 42.048 -2.2595 30000 7.67
0 39.9686 -5.9288 30000 14.61
0 38.284 -7.8374 30000 5.0
0 41.176 -8.8567 30000 13.0
0 38.0456 3.1475 30000 8.03
0 37.3868 -7.9694 30000 14.68
0 36.7928 0.5858 30000 6.88
0 37.5314 -4.9407 30000 9.51
0 37.5838 -2.9384 30000 7.8
0 42.0265 -5.7476 30000 13.69
0 37.3673 1.0418 30000 10.19
0 42.8203 -0.3635 30000 7.59
0 40.3601 -7.7202 30000 13.95
0 39.1211 -8.4886 30000 14.69
0 41.9523 -2.0236 30000 5.35
0 38.1215 -8.044 30000 5.06
0 36.632 -7.1788 30000 5.66
0 40.7995 0.6681 30000 13.86
0 37.2588 -5.6472 30000 12.28
0 37.3496 -0.5758 30000 11.43
0 36.2136 -6.7843 30000 10.39
0 36.6824 0.6788 30000 12.92
0 41.7436 -5.1589 30000 13.31
0 40.1314 -3.63 30000 14.06
0 37.2448 1.9769 30000 7.88
0 42.7603 -7.152 30000 5.22
0 38.698 2.2399 30000 12.57
0 41.1056 3.0485 30000 6.57
0 36.122 2.6852 30000 5.63
0 42.8751 2.5645 30000 8.13
0 37.5282 -8.947 30000 12.83
0 39.9994 -7.1893 30000 7.94
0 37.9502 -2.8695 30000 10.79
0 42.032 0.2416 30000 5.18
0 38.264 -5.0471 30000 5.11
0 42.1379 -0.5983 30000 13.12
0 36.3895 -1.2774 30000 7.44
0 36.4045 1.0706 30000 5.49
0 40.5608 -0.8319 30000 14.03
0 37.8015 -5.1179 30000 11.42
0 38.0124 -0.702 30000 12.32
0 37.6703 -7.6254 30000 5.53
0 42.3321 -7.1158 30000 12.8
0 36.3601 -1.167 30000 14.84
0 36.5641 -2.4763 30000 6.67
0 39.3863 -8.4281 30000 12.19
0 39.1509 -5.8748 30000 13.53
0 38.942 -1.8543 30000 14.23
0 36.122 -6.4163 30000 14.7
0 37.3801 -3.5929 30000 11.36
0 40.9466 2.1663 30000 13.39
0 41.1986 -7.977 30000 10.35
0 38.1458 -3.8643 30000 14.53
0 36.4634 -3.6081 30000 9.33
0 41.3915 -3.1593 30000 6.16
0 40.0701 -1.3852 30000 14.18
0 40.0774 1.8096 30000 9.65
0 40.1966 -3.5095 30000 6.69
0 40.0689 -3.7332 30000 7.9
0 38.5893 -4.6692 30000 14.72
0 37.5157 0.2038 30000 12.44
0 38.248 -6.144 30000 10.39
0 37.6067 -7.6409 30000 5.31
0 38.0795 -3.4702 30000 5.8
0 40.5885 2.7007 30000 11.44
0 39.0644 -6.7 30000 11.75
0 39.1385 -2.7352 30000 6.91
0 38.1524 -3.2817 30000 10.64
0 38.2188 -2.2373 30000 7.08
0 39.4476 0.079 30000 5.23
0 41.022 -3.0809 30000 10.94
0 42.3377 -5.4607 30000 13.26
0 38.968 0.1976 30000 5.41
0 38.2852 -2.7647 30000 8.75
0 39.0286 1.8546 30000 11.61
0 42.9715 -3.6022 30000 10.61
0 38.1856 -5.101 30000 9.55
0 42.3809 0.6136 30000 6.66
0 42.1945 -3.3711 30000 9.04
0 39.1138 -7.6903 30000 9.34
0 37.9084 -3.8767 30000 13.38
0 41.5149 -1.6647 30000 10.07
0 38.0015 -5.2865 30000 12.95
0 37.046 -6.8617 30000 13.09
0 37.5659 -0.4789 30000 11.69
0 39.9359 -3.1402 30000 5.56
0 38.2994 1.8124 30000 13.26
0 41.1501 0.6481 30000 9.3
0 42.0015 -5.8248 30000 5.19
0 40.6941 -4.7788 30000 14.48
0 39.03 -3.6205 30000 13.14
0 38.664 -5.9193 30000 9.76
0 36.7354 1.3245 30000 13.63
0 40.0118 -0.6479 30000 14.73
0 37.1773 1.5308 30000 10.05
0 38.491 -4.643 30000 10.43
0 38.5758 -0.6233 30000 7.94
0 36.2353 -6.5363 30000 11.15
0 38.7742 -5.1364 30000 12.33
0 41.399 -1.0581 30000 8.05
0 40.1071 -5.2011 30000 11.78
0 42.5473 1.9102 30000 7.98
0 36.0826 -5.7588 30000 5.15
0 41.2692 -6.174 30000 8.26
0 37.2624 -7.8507 30000 14.02
0 37.0537 -1.8412 30000 5.62
0 42.8151 0.019 30000 9.58
0 40.2429 -0.5723 30000 10.64
0 42.8336 -0.1656 30000 10.45
0 41.5298 0.8473 30000 9.38
0 37.9772 2.5781 30000 6.22
0 41.1728 -2.9761 30000 12.2
0 40.6583 2.7082 30000 7.29
0 39.7051 1.7118 30000 7.29
0 36.9809 0.4018 30000 14.16
0 37.0338 -2.5369 30000 9.68
0 42.06 -2.6625 30000 11.16
0 40.4857 -7.1345 30000 8.65
0 36.2273 -2.0477 30000 7.17
0 42.8294 -2.0928 30000 13.81
0 41.1832 -7.1504 30000 6.14
0 39.8272 -4.2928 30000 14.16
0 38.709 2.986 30000 6.9
0 41.2229 -2.8273 30000 10.94
0 36.7274 -6.3756 30000 10.63
0 40.3909 -4.1498 30000 13.14
0 37.159 0.9095 30000 7.18
0 40.8266 3.2266 30000 6.48
0 36.0329 0.36 30000 11.47
0 38.7695 -5.2627 30000 7.35
0 42.5933 -5.2914 30000 10.02
0 39.3735 -4.6357 30000 9.94
0 41.2557 -2.0174 30000 9.0
0 39.1173 -5.6511 30000 8.97
0 37.6722 -6.4148 30000 11.45
0 39.2928 -9.0616 30000 8.34
0 42.6208 0.7091 30000 5.41
0 36.6448 -7.2231 30000 7.14
0 42.4834 -2.5729 30000 13.91
0 40.7158 1.5471 30000 12.75
0 37.9588 2.0205 30000 8.16
0 37.3902 -4.4776 30000 5.22
0 42.811 -1.0466 30000 12.13
0 39.8815 0.3138 30000 12.38
0 40.6745 -2.2972 30000 12.98
0 39.1651 3.1668 30000 10.56
0 40.6791 0.9227 30000 11.15
0 39.9793 -1.8314 30000 7.01
0 40.1636 -2.3309 30000 7.01
0 36.7586 -3.4526 30000 9.42
0 38.7007 1.3197 30000 10.89
0 38.6169 -1.0931 30000 10.19
0 39.9438 -0.6922 30000 9.48
0 36.3056 -4.2548 30000 13.88
0 40.1781 -6.5476 30000 12.8
0 37.5081 -7.9063 30000 5.64
0 38.0303 -8.8061 30000 5.83
0 38.3827 -5.8429 30000 5.74
0 39.5101 -5.1622 30000 10.04
0 39.3816 -5.3903 30000 11.61
0 42.2403 -7.2226 30000 13.95
0 41.9762 -0.3887 30000 12.72
0 38.7946 -6.4317 30000 10.83
0 42.8277 -7.0293 30000 12.47
0 39.4458 -3.3626 30000 12.91
0 38.5735 -1.9629 30000 10.75
0 41.081 2.2364 30000 5.24
0 42.0408 -3.8519 30000 7.88
0 36.8901 -5.6777 30000 9.57
0 39.134 -0.8735 30000 11.8
0 41.9792 -7.2001 30000 6.98
0 41.5286 2.2942 30000 5.75
0 36.0759 -5.796 30000 14.54
0 41.9785 -5.8236 30000 5.23
0 36.6778 -5.0249 30000 14.87
0 41.3978 -1.313 30000 7.9
0 36.1453 -4.8706 30000 14.04
0 36.9877 -4.4712 30000 12.41
0 37.1029 -6.8684 30000 11.31
0 42.129 -5.2566 30000 13.84
0 37.8483 -2.3439 30000 9.84
0 37.0734 -8.1648 30000 13.25
0 39.2047 0.3404 30000 14.89
0 37.3643 -7.4861 30000 10.29
0 36.0261 -7.7309 30000 10.07
0 38.5669 0.8689 30000 13.01
0 38.5793 -2.6915 30000 12.52
0 42.6321 -6.7042 30000 11.83
0 38.7661 -7.0794 30000 12.45
0 41.7595 -6.9825 30000 11.04
0 36.6589 0.6591 30000 6.41
0 42.2626 -6.1061 30000 6.17
0 40.4457 -6.3712 30000 12.13
0 40.2188 -7.0695 30000 7.4
0 40.0622 -6.7323 30000 13.35
0 42.2642 -7.7571 30000 14.17
0 40.6424 -2.1457 30000 12.47
0 41.6748 -5.2841 30000 8.85
0 38.4806 -1.8747 30000 10.37
0 36.4559 -8.9272 30000 13.0
0 41.0816 -0.917 30000 13.19
0 40.1365 -6.9876 30000 6.84
0 42.6154 -8.8638 30000 14.11
0 42.3701 -5.748 30000 11.34
0 42.9221 -1.7389 30000 10.12
0 42.2545 2.492 30000 5.99
0 38.0057 0.1748 30000 11.71
0 39.5439 0.835 30000 8.63
0 40.3081 -4.7536 30000 14.53
0 40.4755 -3.9194 30000 14.2
0 36.9999 -8.9809 30000 14.97
0 40.0535 -4.8598 30000 8.26
0 42.5618 -0.6206 30000 7.04
0 40.0211 0.3372 30000 11.85
0 41.7161 -4.2399 30000 6.14
0 42.1652 -2.3249 30000 9.62
0 40.1274 2.8468 30000 6.46
0 38.4049 -2.3721 30000 6.31
0 42.5205 2.2674 30000 11.05
0 38.4343 -4.8101 30000 10.22
0 36.9265 -7.3777 30000 7.44
0 40.1444 -1.2631 30000 5.24
0 39.9688 -4.144 30000 13.25
0 36.9 -2.1888 30000 6.49
0 42.85 2.7741 30000 8.55
0 39.1417 -7.5479 30000 9.81
0 41.3044 -8.0867 30000 6.06
0 37.9843 -5.41 30000 8.73
0 37.3887 -8.9906 30000 6.01
0 39.5585 -6.385 30000 14.35
0 39.05 -4.8451 30000 5.4
0 41.2538 1.5083 30000 12.52
0 42.9016 0.0199 30000 8.0
0 37.9295 -7.9312 30000 12.72
0 38.002 -8.8783 30000 7.46
0 38.6154 -4.3259 30000 10.96
0 37.3572 -2.2273 30000 6.11
0 38.7656 2.7558 30000 6.03
0 37.7608 -1.1131 30000 14.55
0 37.9508 -4.4904 30000 8.81
0 39.918 -4.007 30000 10.0
0 36.4329 1.8179 30000 11.49
0 37.9647 0.8839 30000 10.06
0 40.9435 -3.0546 30000 14.06
0 40.0408 -5.8308 30000 10.41
0 39.0554 -4.2878 30000 14.38
0 42.3927 -5.1848 30000 8.09
0 40.2883 1.7326 30000 14.15
0 40.3455 2.2435 30000 11.32
0 42.2107 -6.679 30000 14.75
0 36.5618 -6.0626 30000 7.87
0 39.09 -6.3059 30000 6.51
0 40.049 -3.5872 30000 12.51
0 41.386 -7.8676 30000 13.91
0 36.6686 -6.2644 30000 7.07
0 36.381 0.0528 30000 9.36
0 38.8423 -3.8746 30000 13.9
0 42.8941 -2.1384 30000 8.72
0 38.2172 -1.2154 30000 14.89
0 36.4059 -3.885 30000 13.43
0 41.342 -8.469 30000 8.59
0 40.5309 -2.5652 30000 12.02
0 38.2149 1.3062 30000 12.53
0 36.791 -5.7807 30000 5.35
0 37.2411 -1.9268 30000 12.72
0 36.8729 0.0159 30000 14.64
0 37.3769 1.6871 30000 7.43
0 39.8366 -4.6719 30000 13.46
0 40.3761 0.8945 30000 5.33
0 40.8811 -3.1185 30000 5.88
0 37.2248 -6.9451 30000 12.7
0 42.514 -7.9799 30000 12.2
0 37.9354 -4.4443 30000 6.41
0 40.1841 2.7716 30000 11.1
0 39.9641 1.4087 30000 14.65
0 41.7349 -7.8347 30000 11.55
0 42.7613 -3.846 30000 8.22
0 36.5845 -1.5521 30000 8.41
0 41.2485 -3.0624 30000 7.49
0 36.8781 -0.0909 30000 6.36
0 38.473 0.0995 30000 5.06
0 38.5237 -3.3864 30000 6.0
0 42.1899 -2.297 30000 12.96
0 38.8963 2.0311 30000 11.33
0 42.6991 -4.1151 30000 10.12
0 37.6296 -6.5785 30000 5.35
0 39.1892 1.9886 30000 12.97
0 41.4356 -7.8962 30000 14.22
0 42.733 -2.3857 30000 6.09
0 37.739 1.6747 30000 14.83
0 38.6919 -3.2594 30000 5.35
0 37.6843 -6.2303 30000 10.37
0 37.6812 -2.319 30000 13.71
0 42.0728 -0.3237 30000 6.8
0 37.7089 1.8366 30000 5.53
0 41.0801 1.3978 30000 9.68
0 42.9924 -1.4214 30000 13.68
0 37.2003 -0.3889 30000 13.58
0 42.4752 -1.5056 30000 9.48
0 36.9803 -7.9579 30000 8.41
0 38.3702 -3.4779 30000 6.5
0 39.871 1.5813 30000 8.99
0 41.0853 1.3702 30000 10.12
0 41.2144 -7.4721 30000 9.6
0 42.0562 0.8398 30000 6.65
0 40.7321 -1.4009 30000 7.04
0 42.9971 0.535 30000 13.54
0 42.6325 -8.5811 30000 11.55
0 41.3065 0.9768 30000 7.51
0 40.7972 -8.0127 30000 14.82
0 42.7502 1.6842 30000 6.52
0 39.3839 -5.2624 30000 5.45
0 40.8672 -2.3456 30000 12.03
0 40.7264 -5.8706 30000 8.06
0 37.8547 -6.0122 30000 11.07
0 40.1478 -7.4122 30000 7.53
0 40.6745 1.0199 30000 9.18
0 39.1185 -2.5771 30000 7.14
0 40.7634 -7.6308 30000 9.93
0 40.6805 -6.1697 30000 8.22
0 37.468 -4.5042 30000 7.08
0 38.0932 -2.2106 30000 13.99
0 41.4377 -4.712 30000 14.45
0 37.0537 2.1598 30000 12.71
0 40.0946 -4.7662 30000 11.48
0 38.1824 -1.2493 30000 11.58
0 41.7826 -0.4656 30000 9.09
0 39.668 -8.7321 30000 11.16
0 39.7344 -4.7976 30000 11.58
0 40.4117 -3.3931 30000 6.35
0 39.9005 -0.9847 30000 10.79
0 42.6917 -7.2103 30000 14.03
0 38.5 -8.3464 30000 6.63
0 42.0553 -1.0306 30000 5.98
0 41.3781 1.0013 30000 8.68
0 38.7914 0.5611 30000 12.11
0 36.3536 -1.4997 30000 7.82
0 42.8727 -1.2415 30000 9.64
0 42.8968 3.201 30000 6.76
0 40.9004 1.2691 30000 14.44
0 36.1109 -8.2121 30000 10.06
0 39.059 -4.4695 30000 14.87
0 42.4021 -7.5703 30000 9.74
0 36.1916 -6.7756 30000 10.31
0 39.9168 -7.6931 30000 9.49
0 41.8035 -6.8369 30000 12.84
0 42.1105 -3.0621 30000 9.48
0 41.7241 2.8214 30000 6.23
0 37.4734 0.9358 30000 9.54
0 41.3536 -3.3775 30000 7.19
0 38.9135 -0.2997 30000 13.9
0 40.498 -1.9352 30000 12.49
0 40.4211 -2.278 30000 10.95
0 42.6956 -6.7751 30000 10.91
0 40.3792 -3.7393 30000 9.0
0 36.6862 0.0556 30000 10.32
0 42.2512 -1.088 30000 6.9
0 41.4047 -6.468 30000 10.06
0 36.6754 -3.8822 30000 11.25
0 39.3727 -6.2877 30000 10.19
0 42.3359 -5.4987 30000 9.57
0 41.8968 -6.7403 30000 13.15
0 38.8112 2.0454 30000 5.15
0 42.5419 -5.597 30000 6.69
0 39.8117 -4.1423 30000 13.47
0 38.041 -7.5885 30000 6.25
0 37.4942 -8.2783 30000 11.72
0 38.7405 -7.5407 30000 13.88
0 36.3188 -1.9397 30000 6.44
0 40.604 -6.95 30000 9.55
0 41.9401 -3.3509 30000 8.93
0 38.7912 1.8551 30000 14.06
0 38.1716 -0.1341 30000 11.12
0 36.8757 1.7343 30000 9.25
0 41.2305 -5.0944 30000 10.28
0 40.3429 -0.8218 30000 13.9
0 40.2312 -7.7895 30000 10.02
0 39.9885 0.7583 30000 5.08
0 39.8323 -5.3917 30000 8.62
0 41.066 -0.4704 30000 9.18
0 37.6509 -5.1133 30000 10.96
0 39.1337 -8.3412 30000 7.84
0 37.6008 2.7888 30000 11.06
0 36.2502 -7.9414 30000 13.83
0 38.4699 -1.274 30000 7.81
0 37.7136 -4.7961 30000 5.67
0 40.9026 0.8946 30000 6.95
0 37.9744 -8.2401 30000 10.02
0 42.7975 -0.3388 30000 9.01
0 42.8062 -2.0777 30000 8.94
0 41.6671 2.0781 30000 5.49
0 38.6951 -2.2994 30000 13.84
0 37.059 -0.5496 30000 11.17
0 37.3572 -3.0439 30000 13.91
0 42.12 -7.6906 30000 10.72
0 39.2718 -4.4072 30000 12.36
0 41.7562 1.3305 30000 7.52
0 42.6131 0.8584 30000 5.96
0 36.1116 -7.1702 30000 5.49
0 36.7794 -3.5304 30000 14.4
0 38.4122 -1.51 30000 5.52
0 40.2927 -5.1247 30000 5.77
0 37.7722 -8.7065 30000 13.59
0 39.1915 3.1055 30000 14.35
0 39.8736 1.9103 30000 7.97
0 38.9904 -8.0473 30000 9.61
0 42.4712 0.9995 30000 14.34
0 38.1187 -3.2355 30000 13.52
0 39.9903 -3.8919 30000 11.6
0 37.3414 -4.1328 30000 13.13
0 41.7291 -5.9499 30000 14.59
0 36.2038 1.5836 30000 14.31
0 41.2213 3.0818 30000 6.72
0 39.5979 0.3177 30000 5.81
0 39.5125 -1.2878 30000 10.88
0 36.6379 -9.0997 30000 12.77
0 37.0666 -3.2281 30000 5.5
0 38.5973 -2.6843 30000 13.93
0 36.3314 1.6718 30000 10.01
0 41.2045 -3.4115 30000 10.07
0 36.9041 -3.9112 30000 13.86
0 40.4443 -7.5555 30000 6.48
0 37.9491 -6.9017 30000 8.7
0 37.4101 -0.3442 30000 14.25
0 42.6378 -3.8415 30000 11.58
0 37.0239 -8.796 30000 11.93
0 42.8032 -0.2565 30000 7.36
0 42.5849 1.1019 30000 14.16
0 40.681 -0.6096 30000 9.7
0 38.1205 -5.9281 30000 13.34
0 38.9859 -1.0497 30000 12.71
0 38.4762 -0.0415 30000 9.9
0 41.3963 -2.125 30000 8.9
0 37.9936 -7.378 30000 12.26
0 37.9094 -0.6819 30000 12.15
0 38.6143 -1.9555 30000 8.78
0 36.9653 2.6506 30000 14.04
0 37.6818 -5.1438 30000 12.28
0 39.8264 -1.6187 30000 13.45
0 39.223 0.0808 30000 13.28
0 38.6769 -4.3536 30000 8.44
0 42.4073 -8.2587 30000 7.46
0 38.4572 -6.8423 30000 13.58
0 37.2438 -4.6579 30000 14.34
0 38.4743 -1.6032 30000 8.47
0 42.9363 -4.0528 30000 8.54
0 37.6045 -4.5977 30000 9.38
0 40.3566 -4.8749 30000 7.3
0 39.8238 -1.4011 30000 12.54
0 38.1033 -7.2932 30000 7.43
0 36.2296 -4.6253 30000 5.37
0 38.4561 -2.9349 30000 12.14
0 40.7434 2.1229 30000 6.64
0 36.5026 -2.6636 30000 12.82
0 39.5578 -0.7082 30000 9.0
0 36.9278 0.707 30000 5.53
0 40.2731 -6.2237 30000 11.73
0 36.4808 -6.3578 30000 6.77
0 40.2735 -4.3872 30000 11.83
0 37.9212 -8.2387 30000 9.48
0 37.4361 -5.0723 30000 10.82
0 42.6012 2.0279 30000 10.97
0 39.3113 -2.7909 30000 14.73
0 37.7168 -6.4964 30000 6.17
0 39.4554 -2.471 30000 9.39
0 38.5895 -0.3752 30000 14.92
0 37.9706 1.516 30000 13.34
0 42.5742 -5.2329 30000 9.35
0 40.08 2.2293 30000 8.24
0 40.8631 -5.2573 30000 14.85
0 40.9625 -0.0207 30000 13.45
0 38.9891 1.0698 30000 13.44
0 36.7612 -2.8852 30000 13.21
0 41.2934 -5.5401 30000 8.75
0 37.8372 0.5842 30000 12.62
0 38.0766 1.7976 30000 12.66
0 39.2058 -0.4136 30000 13.95
0 38.5659 -7.1415 30000 5.9
0 38.4647 -5.2424 30000 11.01
0 42.5152 -1.075 30000 10.44
0 38.0435 0.8438 30000 8.84
0 38.7615 0.968 30000 8.57
0 36.7807 0.2972 30000 5.07
0 41.1561 0.5339 30000 8.13
0 36.445 -7.9155 30000 5.52
0 42.7387 -6.0539 30000 8.22
0 39.9312 -4.6126 30000 5.89
0 39.7344 -7.8957 30000 10.62
0 41.8958 -4.1063 30000 7.51
0 40.0292 2.2514 30000 12.72
0 39.3003 -1.5606 30000 6.38
0 40.6152 -4.2932 30000 9.3
0 39.1416 2.969 30000 8.59
0 42.6876 -7.7324 30000 12.49
0 38.1427 -3.0064 30000 12.05
0 37.1066 -4.9074 30000 9.81
0 41.5285 -6.9321 30000 14.71
0 37.9617 -0.2359 30000 7.95
0 42.9389 -3.5316 30000 9.18
0 38.3274 -8.9954 30000 10.1
0 36.7307 1.8425 30000 5.68
0 41.2898 -7.7303 30000 12.56
0 38.3294 -6.4064 30000 11.38
0 42.4597 -3.9888 30000 7.49
0 42.7961 -6.9968 30000 14.65
0 41.8963 -5.9062 30000 9.73
0 37.3334 -2.5583 30000 10.2
0 36.3414 -5.3173 30000 11.49
0 42.642 -1.9752 30000 7.51
0 38.5881 -8.7548 30000 5.35
0 40.7485 -8.0642 30000 6.52
0 39.4649 -5.5984 30000 14.43
0 42.3033 -1.7985 30000 5.11
0 40.3814 2.2495 30000 8.77
0 40.7061 -1.4397 30000 7.2
0 38.2838 -2.919 30000 11.9
0 41.8012 2.077 30000 10.18
0 38.1456 -2.5134 30000 8.38
0 39.1816 2.4019 30000 11.65
0 42.8418 -2.1893 30000 10.36
0 36.6568 -1.3836 30000 12.77
0 40.6091 -2.5037 30000 8.53
0 39.8671 2.6574 30000 6.1
0 41.2596 -4.1135 30000 13.43
0 36.5555 1.4939 30000 7.16
0 42.0245 -1.5106 30000 6.33
0 41.6859 1.8993 30000 11.19
0 38.3999 -6.7715 30000 12.52
0 41.4507 -1.2985 30000 12.75
0 42.783 -2.8082 30000 11.95
0 38.5971 -6.6249 30000 12.93
0 41.5001 -5.0757 30000 8.28
0 41.6297 -0.115 30000 14.78
0 41.5397 0.0776 30000 5.12
0 36.9286 -7.813 30000 8.17
0 40.7 2.4077 30000 10.45
0 38.818 0.3626 30000 14.33
0 40.0337 -5.0996 30000 10.34
0 38.4264 -0.7134 30000 10.17
0 40.9756 -8.9699 30000 13.39
0 36.4554 0.1608 30000 9.88
0 39.9269 -7.5836 30000 13.53
0 39.0079 -0.9934 30000 7.03
0 40.5113 0.5044 30000 6.16
0 36.9229 -6.1429 30000 7.45
0 36.3163 -2.2351 30000 8.56
0 41.7829 -1.5665 30000 6.43
0 39.5921 2.2748 30000 14.15
0 40.6825 -5.252 30000 10.61
0 40.361 -6.3661 30000 11.35
0 37.3108 -4.7501 30000 8.17
0 42.3451 0.4619 30000 5.84
0 39.0965 -3.569 30000 8.64
0 38.0366 -0.2475 30000 11.96
0 42.8005 1.6539 30000 12.46
0 36.5433 1.1681 30000 6.5
0 42.1809 2.1613 30000 5.15
0 39.5562 2.6481 30000 10.69
0 36.3219 -6.9613 30000 5.2
0 42.4426 -3.5654 30000 10.62
0 40.8749 -1.4531 30000 13.77
0 42.4414 -5.6181 30000 9.32
0 36.7634 -5.0839 30000 8.24
0 38.8542 -1.2529 30000 9.07
0 36.4669 2.4512 30000 10.76
0 39.817 0.7445 30000 10.83
0 39.5152 -8.133 30000 10.74
0 37.2798 -5.3805 30000 10.37
0 40.8245 3.156 30000 5.9
0 40.629 -4.9481 30000 12.68
0 41.0241 -6.1328 30000 12.19
0 42.1187 -4.8086 30000 7.52
0 37.0779 -9.0991 30000 12.83
0 40.581 -6.5868 30000 8.98
0 40.7967 -1.4085 30000 14.72
0 37.9025 -3.9814 30000 11.66
0 38.9371 0.7251 30000 10.79
0 38.1172 -3.6332 30000 5.15
0 42.5293 -1.1629 30000 10.17
0 40.5473 -7.9394 30000 11.53
0 40.5263 -7.6599 30000 11.54
0 41.967 2.9297 30000 14.19
0 39.0364 -2.7208 30000 12.73
0 40.6831 2.6047 30000 12.23
0 38.8753 -0.0526 30000 10.85
0 39.3933 -6.9394 30000 13.88
0 41.9774 -8.5805 30000 8.72
0 38.64 1.7682 30000 9.97
0 40.0972 -7.2527 30000 6.07
0 39.5645 -8.9523 30000 14.45
0 39.6067 -8.0892 30000 10.07
0 38.5287 -2.257 30000 8.26
0 39.564 -2.9766 30000 12.73
0 38.3986 -0.6196 30000 14.91
0 38.1909 -5.89 30000 10.64
0 39.741 -1.4657 30000 5.47
0 42.7852 -7.0776 30000 12.59
0 36.8967 -8.8101 30000 14.5
0 36.4856 -7.1439 30000 11.46
0 39.2369 -4.4281 30000 13.99
0 36.2515 1.8612 30000 14.74
0 40.0253 -0.4488 30000 5.73
0 41.4012 1.6195 30000 9.64
0 42.2073 -0.9098 30000 9.85
0 36.4079 2.0196 30000 7.25
0 41.1468 -2.2843 30000 5.29
0 39.983 -3.6836 30000 9.94
0 42.635 -0.4951 30000 5.05
0 37.8811 -7.378 30000 11.84
0 40.6895 -5.0709 30000 8.65
0 38.0751 -3.501 30000 9.9
0 41.6035 -7.5628 30000 13.2
0 41.8437 -7.9245 30000 10.57
0 36.6345 -2.8991 30000 14.12
0 39.9732 -5.6842 30000 9.36
0 37.1157 1.914 30000 12.34
0 41.891 2.0256 30000 13.21
0 39.8991 -7.0312 30000 6.76
0 36.2774 1.6351 30000 7.8
0 42.6364 -2.3869 30000 14.77
0 41.5066 -8.7566 30000 6.58
0 38.8484 2.7007 30000 5.53
0 42.99 1.9743 30000 6.4
0 41.8344 -5.6553 30000 5.17
0 40.3734 0.7588 30000 7.17
0 37.3624 -6.371 30000 6.4
0 36.8743 -0.4061 30000 12.94
0 42.1079 2.5505 30000 9.07
0 38.54 1.679 30000 14.06
0 42.2018 -6.1753 30000 8.1
0 42.2339 -3.8321 30000 6.51
0 39.3134 -1.9666 30000 13.15
0 40.0733 -0.9878 30000 14.07
0 42.8198 -3.9763 30000 7.23
0 37.2618 1.4775 30000 8.18
0 39.2588 -0.4808 30000 14.72
0 40.9509 0.7406 30000 6.25
0 37.8958 -4.2911 30000 8.46
0 36.3759 -0.0855 30000 14.43
0 40.2437 0.6245 30000 8.24
0 41.7861 -6.0194 30000 5.35
0 37.7798 -2.8165 30000 7.87
0 36.0431 3.1685 30000 11.96
0 37.8658 -0.1993 30000 8.76
0 40.7836 -8.3597 30000 12.54
0 40.9557 -4.3055 30000 7.8
0 39.8606 2.78 30000 13.18
0 37.9072 -3.9789 30000 9.7
0 37.4111 -0.0674 30000 5.48
0 38.0786 -7.7572 30000 10.9
0 37.8508 -7.6264 30000 13.27
0 41.7382 0.1415 30000 11.3
0 42.8748 2.9917 30000 11.04
0 42.6754 -1.2737 30000 13.49
0 37.9481 -5.612 30000 11.56
0 42.4031 -2.7482 30000 10.27
0 41.0941 1.0373 30000 5.62
0 38.5707 -5.5723 30000 7.93
0 42.3032 3.1508 30000 11.56
0 36.0392 0.0893 30000 8.21
0 41.0665 1.7469 30000 8.56
0 37.1017 -6.9239 30000 6.65
0 40.4895 -1.9983 30000 10.54
0 41.8734 -2.1869 30000 8.84
0 39.6489 -1.6038 30000 5.18
0 40.459 -6.9626 30000 7.18
0 36.6674 -3.5614 30000 10.57
0 39.606 -5.5068 30000 12.73
0 36.9786 -4.3148 30000 5.67
0 37.4061 -0.2199 30000 9.64
0 36.0727 1.8072 30000 5.24
0 42.8747 -8.6776 30000 6.21
0 39.6316 -7.4336 30000 6.3
0 38.8711 -6.599 30000 11.39
0 42.8324 2.793 30000 14.19
0 37.4198 -3.3731 30000 5.6
0 39.2416 0.2332 30000 5.59
0 41.0585 -1.597 30000 13.97
0 36.6868 -4.988 30000 6.66
0 38.2333 -4.7032 30000 14.88
0 37.328 -4.5316 30000 7.47
0 41.978 -4.6225 30000 7.52
0 38.1585 -0.7212 30000 11.44
0 39.4694 -3.4869 30000 8.9
0 38.8795 2.4451 30000 10.35
0 41.3104 -3.9098 30000 8.42
0 41.9473 -5.4198 30000 9.04
0 41.7453 2.9302 30000 5.83
0 41.5017 -2.2455 30000 11.85
0 41.3677 -3.6293 30000 6.15
0 36.1884 0.9653 30000 12.01
0 39.8804 -0.0805 30000 12.61
0 40.2278 -7.4482 30000 5.87
0 38.8473 -7.6437 30000 12.43
0 37.0392 0.8842 30000 10.42
0 37.0722 -6.5022 30000 6.03
0 38.7865 -8.4456 30000 13.6
0 39.5397 -7.9668 30000 8.91
0 38.4531 -7.4229 30000 5.26
0 37.9423 -7.7477 30000 13.38
0 42.5455 -4.6916 30000 6.97
0 42.7997 2.7764 30000 8.48
0 36.6468 0.6558 30000 6.12
0 40.7241 -6.8496 30000 7.15
0 38.862 0.8155 30000 6.47
0 36.2138 -1.7283 30000 5.66
0 37.2394 3.2484 30000 8.4
0 42.1193 1.0859 30000 5.7
0 42.1619 -1.0919 30000 12.13
0 38.4376 -4.1725 30000 9.12
0 39.1974 0.2658 30000 8.78
0 40.2042 -1.433 30000 13.13
0 37.1886 0.69 30000 9.49
0 42.8147 -7.0548 30000 5.12
0 41.7988 -1.9167 30000 5.89
0 38.2913 -7.86 30000 8.85
0 38.3196 0.5368 30000 10.03
0 36.4989 1.0177 30000 5.77
0 40.5761 0.5675 30000 6.91
0 38.4708 -2.5635 30000 6.51
0 41.3427 -1.3655 30000 14.61
0 41.7436 -7.7811 30000 8.7
0 40.8478 -7.3091 30000 10.31
0 41.0327 -0.5177 30000 14.98
0 38.3327 -8.4085 30000 7.41
0 39.0979 -3.5728 30000 10.41
0 39.7619 -3.3603 30000 12.89
0 37.0718 -0.3465 30000 13.27
0 41.3721 -3.2631 30000 7.33
0 36.1199 2.482 30000 11.51
0 39.4183 -1.1963 30000 10.52
0 37.6201 -0.4199 30000 11.98
0 41.1886 -6.5155 30000 5.85
0 38.3223 1.7114 30000 14.42
0 40.375 -1.5763 30000 5.51
0 37.6923 -5.5726 30000 14.89
0 39.8267 -6.9013 30000 6.21
0 37.1418 -7.4434 30000 7.14
0 41.3958 -6.4388 30000 10.36
0 37.0745 -4.3304 30000 8.0
0 39.0861 -6.614 30000 9.55
0 38.9525 -7.1851 30000 11.19
0 37.0177 -4.9741 30000 8.11
0 39.7823 -8.9264 30000 7.87
0 36.6741 -3.9915 30000 5.57
0 40.8689 -6.8266 30000 7.03
0 39.645 0.7188 30000 11.01
0 39.5931 -7.7629 30000 11.04
0 38.036 3.1945 30000 8.26
0 41.3144 -4.9131 30000 10.93
0 38.098 -1.1242 30000 9.22
0 39.0943 -4.2863 30000 11.4
0 38.6369 2.9137 30000 12.94
0 40.0345 -0.5759 30000 11.03
0 40.9621 -7.5353 30000 7.85
0 36.3511 -7.6286 30000 12.56
0 37.9832 -0.3867 30000 11.52
0 40.574 -3.3718 30000 13.19
0 38.7582 2.9409 30000 11.61
0 38.9791 -1.4962 30000 13.65
0 38.6198 -1.4395 30000 10.04
0 36.2352 -5.7622 30000 13.73
0 41.0764 -6.8832 30000 12.05
0 40.979 -1.3277 30000 5.05
0 36.8134 -9.0736 30000 5.49
0 41.3617 -1.0405 30000 12.87
0 36.1027 2.6302 30000 8.04
0 41.3757 -7.6651 30000 6.91
0 42.3727 -3.9116 30000 11.58
0 38.4654 -8.8802 30000 8.42
0 42.6362 -3.2983 30000 11.84
0 38.3346 0.8931 30000 5.62
0 38.3607 -8.4412 30000 6.32
0 42.8005 0.2058 30000 6.57
0 36.304 -8.1028 30000 7.54
0 36.1093 -2.2134 30000 8.8
0 40.3623 -8.6691 30000 13.36
0 36.9171 -5.5418 30000 13.07
0 41.5953 -8.7141 30000 9.77
0 39.9332 3.0242 30000 11.1
0 42.6213 -7.0402 30000 5.36
0 39.02 -2.9932 30000 10.13
0 36.7707 -1.3792 30000 7.57
0 40.3871 -8.1164 30000 11.65
0 41.7217 -0.3403 30000 9.06
0 36.7873 0.0556 30000 6.17
0 40.808 2.7102 30000 6.84
0 41.4288 -5.0191 30000 6.45
0 40.7161 3.0419 30000 12.98
0 41.5309 -3.7303 30000 8.55
0 36.4574 2.6285 30000 14.25
0 38.3392 -0.1846 30000 6.1
0 36.0085 -6.7523 30000 12.28
0 39.6067 -0.7769 30000 11.15
0 40.0512 -4.5088 30000 5.47
0 38.645 0.7135 30000 5.65
0 40.4625 0.8705 30000 10.63
0 36.103 -5.3802 30000 13.22
0 38.4943 -4.6926 30000 8.81
0 39.6496 -6.9788 30000 13.47
0 40.8227 -6.2579 30000 6.27
0 40.5342 -6.6214 30000 13.03
0 39.1199 -5.557 30000 14.47
0 42.2199 -4.1981 30000 11.35
0 37.1379 -5.9108 30000 5.25
0 39.7949 -1.9905 30000 5.13
0 38.721 -0.1302 30000 5.37
0 39.5793 0.3687 30000 13.5
0 41.8715 -2.6592 30000 6.92
0 39.1965 1.3995 30000 14.92
0 39.056 -3.6286 30000 14.39
0 38.4177 -5.0975 30000 13.07
0 41.0886 -2.0269 30000 15.0
0 42.889 1.9997 30000 14.61
0 42.9147 -0.429 30000 5.2
0 41.6412 0.9048 30000 6.11
0 39.3167 -0.8852 30000 13.38
0 39.3651 -0.4712 30000 7.43
0 39.9395 -6.5777 30000 11.12
0 40.9018 -1.5512 30000 5.72
0 37.4339 -5.7751 30000 8.48
0 37.3832 1.7965 30000 14.17
0 41.1044 -8.9147 30000 12.31
0 42.0413 -6.697 30000 6.46
0 42.7856 -5.0286 30000 11.8
0 41.2332 1.9104 30000 5.73
0 38.7552 0.1778 30000 6.81
0 39.5816 1.2069 30000 9.11
0 40.9809 -3.0975 30000 6.79
0 39.1054 -6.6055 30000 10.76
0 40.4648 2.7095 30000 13.08
0 42.8507 -6.2017 30000 14.64
0 40.1165 -1.2395 30000 7.33
0 40.9846 -7.8834 30000 9.58
50000
350
2
95000
